01000111001111111010100111011000101010110010010001100011000111110001000000001100001111100010000011011001101110000100100111010000
11111100011111111011001111010111000001010010001111100111001100100100101011000111100110111010000100100001001110101000011000111110
00000101101111101100000001001101101011110010010011010110001000010101111001110000111011110011011110011111000111110111001001001110
01000000111010011111100001011001101101011111111101101000011100111111011111101010101010101011000000000010100110010011110011111001
11010100011001010110001010011110111010111100001101010111010101110010110110010000101100100100111001111101111000000110111011010111
01010101110001111001111001001101110110101001000101100111101011100010011111011100101010001010011101110111111111000110100111010101
01001010100101011001110010111010010110110011110011101100101010011000010111101111000111101110101010100100111000010011000000110000
11101011110111111010010001010100100101110010010000001010000011100100010011000010111101100100001100111010010010011001100010101011
10000100010010110111111000001001001000000110110110111100001101011010101001000111001010111011010111101111100010111011111011010101
10010001010011011000011001101110100011110110111101110001001000110110111000011100101011011110001001100000010100011101110101010111
00000010110100100101010001010000110100000010011111100111011110001011101011101011011011011000010111100011010001000111110111011111
10000101101111101100110011111101000011010110011100010101110110110110000111111010110000110000101101100110110100001100100010000011
10100110100101101011110101111110101011010110110111111011010101011101110101100000111010100010000110010010110101011011101100010111
10100100011011001110111001111111100010010001111011000111010101010101110011111110110001111011000101111001001101100100100110001110
11100000111111111101110101101110011000101001101100010010010011100000001111000000000101011100100010111001011010001011000101110111
00001000010101001110101111011010000110001001001111101111110101001011010000000000100100010101000010100001101000010101000011111000
00000001011101101011000101011101011101001101010110001011111110000000100010010111000111010110100111000111101111010100100110010001
01000100001000100111100101111010010111001101111010110011111000100001000001100010010101111100101001110100011000100011011001111001
10111010100000100100011001000111101110000000110011010010010010011011101000001111000011011101011111111110001001110010001010000010
10111001110001011101000100010110011110111110101011110111011101101011001000000101100101010101101100011001110101011110100111110111
10010000010110111111011001111000011100001111110111111111111111001110010001100110000010000111011010100001000100011101110001011011
01000101011010100010100010100111101011011111110001001110111010000001010000010101011101010101101010110010001001010011001011011100
01101001001110000011110001000000010110100100100000001011111111000000000100000010011110011100110000110010101110010011010011000001
00011001101011111111110011011111001101001000001001000111011010100001011111101011000011100000000001011111001000111011011100110111
01010010111100000011000110100100101010110100001011101000001010001011000011011100010000000101010111100110100010100010001100101000
11101111101100101111100110011101010100111000101111111101010110101010010110010000101000110110100100100010011111010000011011100000
00111100101110000010000111110100100101001010001000001010011010000111011100100000100011001000101110111101111111100000110100011011
11111001110100100111111010000110011011101100100011110110001101111100101000110101011001100010100111010010101000101100010010110000
01010011101010011110010011000110101010101101110001110100010110011100110011111100110111000000000110110110011011110011000010000111
10111001010111001110001110011001110100101001011000111001010100111000111111100101011100110110000010011111000100100001001001010111
01000000101000000100000111111110101000111001101001111001001010000000111011000110110101001100000110100110011100011001101110100110
11000011100110011010010010100000000101100010101110011110111100001001001010001010100110101110101101011010010011110011111101001110
11101010000111001001001100101111011111100100011001011010100100101000001101100000011111010000000111100001000001011111011100110110
00100010000001101110101010110011011001000010011000100101011111111111100101110011011000111101100100001101110000000110100111110001
10110100100111101001100010101100010000101000011101011111010110000000011000001000111100000100011101000111000101101110001111010111
11100111111100101100011110100010000011010111000111011000110110000000001111101100011110110111001011001100011100010001110101001010
01110001100001111000111011001001000001111100011101001011000001101101001000011010101001111011001111011001010000100110100000010011
00001000110110010001111011101010000001100010000001001101110011100001000010001010111101110101010100001010011010010101010010001111
10110100001100010110110001000101111100100010000010101001101010000101101011101111101100101010001100010111110010010010111000101011
10011111010011001010110010001110100010010111001010000101000000000100101000100111010011001111100111001101101110100101110001111100
10011010010101110000100000111101101111011001010010100010001111000110001110001011101000011101111011000001000111011011111110111011
10000100101000110011001001111001011011001001010010110010011100110000100010010110110011100100010011100010011011110011101011110110
00111011101101000001010000001100010011100011000110000001110111010000110110010100011111000100001111101110110100111111000111011110
01000011111101001101001011010000000000001011100110110001100111101111001011011111010100110010101111110000011001010110111010001101
10101101100001011010010110000011001111011111010100001110111000110101101111111010000101101001000010101111011101110000110111011001
11001111110110010111000000010000011101100101000101000011011001111000110001100011011101111101100011111101101000010101000000111001
00100100111000110110111110100101000010001001111010010101110011101011001011001111111011110111110111011011000010000110011110011011
11111000010100000011111100000001010001001011011000000100110111111101111101010000101111100011100011011101100011110110111110001011
11010100111000000001001111001001011110001001111101000000001110111010010110101100000101101010100000001100111000000111001101011010
11011110010000001111010111100000100101110100110000100101011010111011100001101110100001001100100011101000000000111001010011111011
00011011011101001000100000111101111100101001000111100010110010000110111000001010100111111000110010100010010101110110110001111101
01100100110011101110000101010110001010010111000010000011110010111010110000110010001010011101110100101110001110100001001101100001
01011001101111001011011001000010101111110111111110100100011100101111101101011110111111010101010111111101101111100001101001010011
00011000110011010011000110000001011100100001100110010101010110000011001001101100010101101111011000111111100001000010010010100010
00001100111011110100010000001001110010000001110100100100011101110111101000010010001101001000111111110100111010110000111011101010
00000110000000001011111010001111001110001000010111110101010101110111010001110010110101010111000011010100000110101010100011101101
11100010011100011100010101101011000000111001100000100011001111110110000010111100001001000111000010010110000110111110000001011111
10111111000011000000001000111000001001111011111101110011000011001101100100101100000100011110100111110010011100110111010010010110
01110101100000110100000111110000111010111111000001101111100010100101101101110011010000001111110101001101001010000101110100010100
00111010001000101001000001001010111100111000100100001100111101000110100101011100001101101001010011000111001011010101011101101010
00010100001001110011101101100000011010110000010111110010000110101100001110011011011110111010010110100101001001110111011010011100
10100001000101100100100010111110000011110001100010111001011001101100001101110110110011101100011000001000111111100100010010000110
00111110001010010011100000010001000101110010101000111111001110110010110010100000000000011100101111101010000101001110010101011010
10001011001101100110000010101010111011011111000011010101101000100001110110010001001101111011111100000110111101000101000110111010
11101000010010111101101101011110010110111100000110100011110011100010001011110101111001010011011110011011101011111010010101000101
11010001011000011111000011110001111101111110111110010000101100000000010110110100011011100001111101001001111010110100010010101111
11000000000101110100001100101010110111101111001111011101111110111011001011110110110011100111001011010000110110111011100011111110
01000010000011111111001000111001110001101011011110000011001001010100111101111000101010001011000001111001001110101101001111101110
10010101001101101111100101010001000111000111011111111001100010101101001011100110001010011011110011011000000110011110111010011101
01100111001101001101101001000100001100110111100001000110010011110001010110000110100110010111011001110100111001000010001101000000
10010100101010110011001011011000000000101101011111100000111001111010000111011011100000010111011101001100111011010011110100010111
01101101111011100100000010100101010000100011110000111110000110010000111101101100110110011110110010001110011010101011001100111110
00101110111011100110110110101000010111111011101011011011010010011011001100010101101101100011001011001101101010011111101011001110
00110001111101010010101010100100010010010110000101101111010001000010000110001011100010011110000100110010101111111000101010001100
00010110011001001100011001001111010001010110111010110000011010000110001000111100010000010000110010111011011011001011000101111101
11110000000010001100100010111111010010011101011111010101011001010101100010001000000110101100110000011111100110001001011010110110
11111010111100011101100101011000101111111100011101110001100001110111011011000000100011111010110011101111101010011101010000000011
10101001111000000100011110001001110110010101000010111111001100100011000111110011110100000010010110101001001111101011100010011011
10010111100000111001000101100001010010000110000101100000000100000011010000101000000110110011100000110111111111100001100101010010
01010010110111011111110011110100100101010001111010001010001001110110110110101110100100001100000001111110100001011111101100110010
10011110011011100110100111000010110101111001101110101100001100111000010110001011110010110011111111000111000111010010001010001010
01110101100110001011000000100000000000011010011100000011011100000000011010101110111111000111110010001111011101100100110100110100
11011110000101110101001000111011100000111111110101110011000000101111000100110010101111111110001011101011001101000000001011101100
11100011011101001111110110011110111001010001111101001111001110111010101000100110100000101111111111000111110000000110010111101001
00010100011110100111101011010011011001100000101101110110100100101100010111011110010001101101000011000110000001010100000001000000
10001101110110010101011110111110000011111000001111101010110101110110101101000011101001010110000101111101111101001000111111100110
10001010001001000110011001111010110101110101011011100111111110010100000111101010100001000001100100111001001101101001101010001110
10000000110111111010010001111111100100110110010010110000101011001001101110000011111010101001101001101100110001000011100110010110
11010111101001001001011011111001011111100110101101010111110011100110110000101001101111000011110111101000011010010101101010001111
01001011011000111010000010010101100000100010000001111111101000100111010001101111001010110010011110000111100000100001000101100001
10100001101110101000000111100000100010000010101100011010000101100000100001010011100110110011100111011101110100101100000011100011
10001011001101011011001001001111101110100100001111000011010101001111011010000100101010111010011010110010101111101100101010010100
00001011011000111011001110100000000101100011111000010000011110011001100000001011011110000101001111010110011110101100000111101111
00100100111000100001001011101011001100111001010111110001000101010100110100110010000111000011011100101010101001100000110110101000
00101100010100011110010100010000101100011000110011000000011000011100101000001010111100100100101100000010010111111011110010001100
01010111110010000011111000010010010011100101100110011100001001011111101110101011010110001110011001110010000111111011110100100011
11001110010110000010011000101101101000000111001001100101000000001111110000000111001011001001111011011101110101000000101001100000
00101111111110011001011101000101100111010000111100001010100001001001000111000101001001001110010110010110111000000101110010100111
10010001110100111010011101111111000111101110010110011010001010111011100100110010101011110111111101001011001101111101011100100000
01100100001010011010000100011101101111011111001010000011011100010110011101001000000111010110011100001001111010000010101011010010
11101110110000001111100000101110000101110001001001100111010110101111100110111011101000100000101011011101100010100011111001000011
10111011111010101100000001001100011111110100101000101111001011001000100101110110111111101010011110001101011010110010100010000011
00111001101100110010110010101100001010000001100110000110111000001111111111101110010010001101111011100101001100001011010010111011
01111000111010011011100110111010000001001010010111111110000000101100101010110010101010000111100010010011000110101111000000011110
00111110011111011100010001010000001100001100101000011011001011111010011011100010010101111111101111100110010000111010110011111000
01010100011111001010110001100000100010000000101011000011011010110100111101010110100001011100011111101110110010111000100000111000
11111111000000000011000101100110010001101110110100000001111110101000111001001000011111010111011110010010011101011101010000000111
11010110110000001010101000100111110010100110100101000100110010110010111000110110000011001001001000011111010101101111110110000101
00100010110111001110010111110110101100001001001011011000010001100000001100011100001111010101001100010001010010101110110010010111
00010110001000101011010110100110011100001011110100011011101010111011111110101110010000011001111000110110011110101010011001111110
11100011110111101000111110000100110010100101001110011101100000000000100110110000011101011111101000101100011101000100000110011101
11100111110111001110111100011101101000011010011001100110000110001111011100101001111011111000001100000001111111101101110100100000
01000010011111110011100111110001101000001000000000101111101000110011111010101001000010100100110110110100001001001100011111011110
11011010101000001000100001111111110001011000010010110101001100001111101010001101001011011011111000110010111110101011001111010110
11100111110111011100111011100100101110100111001101111000000011111011001101001001110101010101100110010011000100100100101100010010
01011101001011010000100101000001100000011111110010101001011100101110111100110011110010101000000010001000011101110100001010110101
00000010011111100101101100010101111001000101100111000101000111000101100110101000111001111010100100111010001110001001101001110001
10011101100100000000101000110011001010110001101100001101100101010000010000101110110001000100000001011111111101011111110001100100
01011001000101010010111100000000001000000111010101111011110011000110010101011001010001101110110110100111110110111111000010011010
00111010000001011011000101111100010011110000001100001001011101111011011011110000010100000010001000100000010101011001011100010110
01101110010001100000111111100001111111110011010010111101110011101111111010000010111011011111010100001111000110000011011100111010
00010000101100011111101010110000100001101001000010100110100000100101000001110011010100101101110011110100110010000000000001001000
01100010011001110001110001111001010010111110101011100111101011011001010110011010000101000111101101101100001111110101010111101101
00011100011110111001010111110101100101110111011001010010101010001000111010001111111101101000100011000011110011101010001011001100
11111111111110110110011001100010101110110100110011101100100011000111011100010000101110011111000001001000110111101000011110101000
01101110111000111011101110010010011111011001100100010100000111000011111100101111110011010110000010000101101100110100101010001001
01111111110100111101100100001010001000101001110000001110011110000011010110111101010010101100110001100001011011111001011100100000
11111111010001100000001110000110111010011000000110110000000000100100010011011110000010010111011111101011111010000001010000010101